7587450713253383442
7587451447923461384
7587763523799747847
7587761987317288210
7587760465460071687
7587758943410081032
7587757421687262482
7587755865931795730
7587754338135690503
7587752807780945159
7587751295117790482
7587749785818647815
7587748263009209618
7587746676098600210
7587745153167772946
7587743628248812808
7587742086061952263
7587740543925390599
7587739014623530247
7587737494771240199
7587735959995813138
7587734414348537096
7587732913714859282
7587731379316608274
7587729835166944530
7587728298625486098
7587726778244828423
7587725231406533906
7587723722807643410
7587722200887627015
7587720675553594642
7587719182356106503
7587717655340141832
7587716131331362055
7587714635910941959
7587712888886807816
7587711377515564295
7587709862759386376
7587708341351140615
7587706821658332434
7587705312874925330
7587703786483813639
7587702252182261010
7587700742878711047
7587699232375688455
7587697716701023495
7587696192721653010
7587694668889083144
7587693162706062599
7587691674835356936
7587690132434701576
7587688613983292680
7587687087663484168
7587685562522340615
7587683740424424722
7587682245792582930
7587680732198276360
7587679235804843272
7587677709493341447
7587676206158400776
7587674705071574279
7587673191238176008
7587671692349082898
7587670035234114823
7587668499930287368
7587666960461204743
7587665445470211346
7587663912347110664
7587662368017042706
7587660846382271751
7587659328048483602
7587657802789834002
7587656298515221768
7587654778163825927
7587653271284747527
7587651776753437960
7587650243848670471
7587648719261142279
7587647210850897170
7587645711953431815
7587644186577472786
7587642669791268104
7587641166837878034
7587639481054891282
7587637968211315975
7587636457758575880
7587634926766361863
7587633385896447240
7587631857492135186
7587630343704841480
7587628830836247815
7587627166586768648
7587625370917080338
7587623891078483207
7587622379791191303
7587620849725738258
7587619343798734088
7587617518215335186
7587616026020318482
7587614502443601160
7587612991579770130
7587611236309765383
7587609616989703442
7587608098873855250
7587606401854295304
7587604878525074695
7587603356575665416
7587601825084329224
7587600297116110098
7587598770804739336
7587597288474742034
7587595757880954120
7587594250011888903
7587592727714368775
7587591203420523783
7587589695102553362
7587586417136602375
7587584904242810119
7587581840735603986
7587580340647283986
7587578809424022802
7587577289735441671
7587575793497214226
7587574220138220807
7587572684272241928
7587571153431055634
7587569641627716872
7587568122962447623
7587566503294176520
7587565422837239058
7587564931613019399
7587544062291348743
7587542505235680519
7587540848405990663
7587539349512752392
7587537784362126600
7587536301184797960
7587534783622745351
7587533281613171976
7587531793474030856
7587530300066991368
7587528819725110536
7587527296345476360
7587525741949046034
7587524261024140552
7587522781160525063
7587521238839381266
7587519778739211528
7587518270861823240
7587516774573280520
7587515251399183624
7587512193327942930
7587510683747618066
7587509191015714056
7587507670958034194
7587506142105095431
7587504647967968520
7587503143240387847
7587501612478762248
7587499853496847634
7587498353215180039
7587496837360143624
7587495307311615239
7587493801535491335
7587492097721257234
7587490593098517767
7587489093483810055
7587487592279461127
7587486075304643858
7587484577178897672
7587483063534226695
7587481566880779527
7587480038660902162
7587478522789186834
7587476995995487506
7587475488231279879
7587473968530017554
7587472457884339464
7587470946156547335
7587469439889640722
7587467905751731474
7587466176645582088
7587464475645709575
7587462935820193042
7587461423110917383
7587459897348869384
7587458395041516807
7587456806130093320
7587455216585395463
7587453696288492818
7587452163069201682
7587451831471590664
7587450296226401554
7587449997839404296
7587449004036721927
7587444803391032584
